description:Constant file for Dobson 031 after refurbishment at Hoenpeissenberg
abs_ACE:1.806
abs_CC:0.833
abs_DC:0.374
abs_AB:0.114
abs_CB:0.109
abs_DB:0.104
ADcoeff:1.432
CDcoeff:0.45899999999999996
ADbeta:0.006983240223463694
CDbeta:0.010893246187363845
CpZB_coeffs:[2.37, -0.002043, 2.95e-06, -0.05383]
ADZ_coeffs:[40.0, 54.77, 0.0, 1571.0, -1379.0, 0.0]
CDZ_coeffs:[-20.0, 145.6, 1554.0, 0.0, 0.0, 43.05]
CZ_coeffs:[-30.0, 124.4, 871.9, 0.0, 0.0, 182.1]
CDZ_Hmu_coeffs:[100.0, 2583.0, -564.4, 1111.0, 0.0, 0.0]
R-N_A:[-0.318, -0.232, -0.149, -0.066, 0.016, 0.098, 0.179, 0.259, 0.34, 0.421, 0.505, 0.59, 0.677, 0.765, 0.854, 0.943, 1.034, 1.125, 1.217, 1.311, 1.408, 1.506, 1.607, 1.71, 1.813, 1.918, 2.021, 2.124, 2.223, 2.321, 2.418]
R-N_C:[-0.225, -0.142, -0.057, 0.026, 0.11, 0.19, 0.272, 0.352, 0.433, 0.514, 0.597, 0.683, 0.769, 0.856, 0.944, 1.033, 1.121, 1.212, 1.303, 1.396, 1.49, 1.588, 1.688, 1.788, 1.889, 1.993, 2.095, 2.195, 2.294, 2.39, 2.482]
R-N_D:[-0.221, -0.136, -0.052, 0.033, 0.116, 0.198, 0.279, 0.36, 0.441, 0.523, 0.605, 0.69, 0.775, 0.863, 0.95, 1.038, 1.126, 1.216, 1.307, 1.398, 1.492, 1.587, 1.686, 1.785, 1.885, 1.985, 2.085, 2.185, 2.282, 2.374, 2.465]
